0 1
0 6
0 9
0 22
0 25
0 26
0 27
0 28
0 31
0 33
0 61
0 106
0 118
0 132
0 138
0 143
0 162
1 4
1 6
1 9
1 15
1 21
1 26
1 27
1 28
1 31
1 61
1 64
1 82
1 84
1 88
1 91
1 93
1 107
1 118
1 125
1 126
1 129
1 133
1 138
1 143
1 152
1 156
1 157
1 158
1 159
1 162
1 163
2 5
2 23
2 66
2 72
2 97
2 126
2 129
2 166
2 167
2 174
3 5
3 7
3 8
3 10
3 11
3 13
3 14
3 15
3 17
3 18
3 19
3 24
3 37
3 62
3 66
3 72
3 76
3 79
3 82
3 84
3 85
3 86
3 87
3 88
3 89
3 90
3 91
3 93
3 94
3 95
3 96
3 97
3 101
3 102
3 103
3 104
3 107
3 108
3 120
3 121
3 122
3 123
3 126
3 127
3 129
3 134
3 135
3 136
3 139
3 141
3 142
3 152
3 153
3 154
3 155
3 156
3 157
3 158
3 163
3 166
3 167
3 168
3 169
3 170
3 171
3 172
3 174
4 5
4 6
4 7
4 8
4 10
4 12
4 15
4 21
4 28
4 61
4 64
4 66
4 82
4 84
4 88
4 91
4 93
4 94
4 95
4 96
4 101
4 102
4 103
4 107
4 108
4 121
4 122
4 125
4 126
4 128
4 129
4 133
4 138
4 142
4 152
4 156
4 157
4 158
4 159
4 162
4 163
4 170
4 173
5 7
5 8
5 10
5 11
5 13
5 14
5 15
5 17
5 19
5 21
5 24
5 37
5 64
5 66
5 72
5 76
5 79
5 82
5 84
5 85
5 86
5 87
5 88
5 89
5 90
5 91
5 93
5 94
5 95
5 96
5 97
5 101
5 102
5 103
5 104
5 107
5 108
5 120
5 121
5 122
5 123
5 126
5 127
5 129
5 133
5 134
5 135
5 136
5 141
5 142
5 144
5 145
5 152
5 153
5 154
5 155
5 156
5 157
5 158
5 159
5 162
5 163
5 166
5 167
5 168
5 169
5 170
5 171
5 172
5 174
6 9
6 12
6 15
6 27
6 61
6 71
6 118
6 125
6 128
6 132
6 159
6 162
7 8
7 10
7 11
7 13
7 14
7 17
7 19
7 24
7 37
7 45
7 64
7 65
7 69
7 72
7 76
7 79
7 82
7 84
7 85
7 86
7 87
7 88
7 89
7 90
7 91
7 93
7 94
7 95
7 96
7 97
7 100
7 101
7 102
7 103
7 104
7 107
7 108
7 109
7 119
7 120
7 121
7 122
7 123
7 127
7 129
7 133
7 134
7 135
7 136
7 141
7 142
7 145
7 148
7 152
7 153
7 154
7 156
7 157
7 158
7 163
7 166
7 168
7 170
7 173
7 174
8 10
8 11
8 13
8 14
8 17
8 19
8 21
8 24
8 51
8 65
8 66
8 69
8 72
8 76
8 79
8 82
8 84
8 85
8 86
8 87
8 88
8 89
8 90
8 91
8 93
8 94
8 95
8 96
8 97
8 101
8 102
8 103
8 104
8 107
8 108
8 120
8 121
8 122
8 123
8 125
8 126
8 127
8 129
8 130
8 133
8 134
8 135
8 136
8 141
8 142
8 144
8 148
8 152
8 153
8 154
8 155
8 156
8 157
8 158
8 159
8 163
8 166
8 167
8 168
8 170
8 171
8 173
9 25
9 26
9 27
9 28
9 31
9 32
9 61
9 71
9 106
9 118
9 132
9 138
9 143
9 159
10 11
10 13
10 14
10 17
10 19
10 24
10 37
10 64
10 66
10 72
10 76
10 79
10 82
10 84
10 85
10 86
10 87
10 88
10 89
10 90
10 91
10 93
10 94
10 95
10 96
10 97
10 101
10 102
10 103
10 104
10 107
10 108
10 119
10 120
10 121
10 122
10 123
10 126
10 127
10 129
10 133
10 134
10 135
10 136
10 141
10 142
10 152
10 153
10 154
10 155
10 156
10 157
10 158
10 163
10 166
10 167
10 168
10 169
10 170
10 171
10 172
10 173
10 174
11 13
11 14
11 17
11 19
11 24
11 37
11 55
11 66
11 69
11 72
11 76
11 79
11 82
11 84
11 85
11 86
11 87
11 88
11 89
11 90
11 91
11 93
11 94
11 95
11 96
11 97
11 101
11 102
11 103
11 104
11 107
11 108
11 119
11 120
11 121
11 122
11 123
11 127
11 134
11 135
11 136
11 140
11 141
11 142
11 152
11 153
11 154
11 155
11 158
11 166
11 167
11 168
11 170
11 171
11 174
12 15
12 37
12 61
12 64
12 66
12 71
12 84
12 88
12 93
12 95
12 107
12 125
12 126
12 128
12 129
12 133
12 135
12 145
12 152
12 156
12 157
12 158
12 163
12 173
13 14
13 17
13 19
13 24
13 37
13 55
13 66
13 69
13 72
13 76
13 79
13 82
13 84
13 85
13 86
13 87
13 88
13 89
13 90
13 91
13 93
13 94
13 95
13 96
13 97
13 101
13 102
13 103
13 104
13 107
13 108
13 119
13 120
13 121
13 122
13 123
13 127
13 134
13 135
13 136
13 140
13 141
13 142
13 152
13 153
13 154
13 155
13 158
13 166
13 167
13 168
13 170
13 171
13 174
14 17
14 19
14 24
14 37
14 55
14 66
14 69
14 72
14 76
14 79
14 82
14 84
14 85
14 86
14 87
14 88
14 89
14 90
14 91
14 93
14 94
14 95
14 96
14 97
14 101
14 102
14 103
14 104
14 107
14 108
14 119
14 120
14 121
14 122
14 123
14 127
14 134
14 135
14 136
14 140
14 141
14 142
14 152
14 153
14 154
14 155
14 158
14 166
14 167
14 168
14 170
14 171
14 174
15 18
15 21
15 26
15 27
15 28
15 31
15 61
15 62
15 64
15 71
15 74
15 81
15 82
15 84
15 88
15 91
15 93
15 94
15 95
15 96
15 101
15 102
15 103
15 107
15 108
15 118
15 122
15 125
15 126
15 128
15 129
15 133
15 139
15 152
15 153
15 155
15 156
15 157
15 158
15 159
15 162
15 163
15 167
15 168
15 169
15 172
16 41
16 110
17 19
17 24
17 37
17 55
17 66
17 69
17 72
17 76
17 79
17 82
17 84
17 85
17 86
17 87
17 88
17 89
17 90
17 91
17 93
17 94
17 95
17 96
17 97
17 101
17 102
17 103
17 104
17 107
17 108
17 119
17 120
17 121
17 122
17 123
17 127
17 134
17 135
17 136
17 140
17 141
17 142
17 152
17 153
17 154
17 155
17 158
17 166
17 167
17 168
17 170
17 171
17 174
18 20
18 38
18 57
18 62
18 66
18 74
18 82
18 84
18 88
18 91
18 93
18 94
18 95
18 96
18 101
18 102
18 103
18 108
18 112
18 118
18 122
18 123
18 129
18 139
18 152
18 155
18 156
18 159
18 162
18 163
18 167
18 168
18 169
18 172
19 24
19 37
19 45
19 55
19 65
19 66
19 69
19 72
19 76
19 79
19 82
19 84
19 85
19 86
19 87
19 88
19 89
19 90
19 91
19 93
19 94
19 95
19 96
19 97
19 101
19 102
19 103
19 104
19 107
19 108
19 119
19 120
19 121
19 122
19 123
19 127
19 133
19 134
19 135
19 136
19 141
19 142
19 145
19 152
19 153
19 154
19 157
19 158
19 166
19 168
19 170
19 171
19 173
19 174
20 57
20 74
20 169
20 172
21 22
21 26
21 27
21 28
21 31
21 61
21 64
21 81
21 82
21 84
21 88
21 91
21 93
21 94
21 95
21 101
21 103
21 108
21 118
21 122
21 125
21 126
21 129
21 133
21 138
21 143
21 152
21 156
21 157
21 158
21 159
21 162
21 163
21 169
21 172
22 25
22 26
22 27
22 28
22 31
22 33
22 138
22 143
22 146
22 176
23 42
23 67
23 78
23 92
24 37
24 76
24 79
24 84
24 85
24 86
24 87
24 88
24 89
24 90
24 91
24 93
24 94
24 95
24 96
24 97
24 101
24 102
24 103
24 104
24 108
24 120
24 121
24 122
24 123
24 127
24 135
24 136
24 139
24 140
24 141
24 142
24 152
24 153
24 154
24 155
24 156
24 158
24 166
24 167
24 168
24 171
24 172
24 174
25 26
25 27
25 28
25 31
25 33
25 36
25 77
25 113
25 125
25 138
25 143
25 146
26 27
26 28
26 31
26 33
26 77
26 113
26 125
26 126
26 132
26 138
26 143
26 146
26 159
26 162
26 163
27 28
27 31
27 33
27 61
27 71
27 106
27 118
27 125
27 132
27 138
27 143
27 159
27 162
28 31
28 61
28 64
28 82
28 84
28 88
28 93
28 118
28 125
28 126
28 129
28 138
28 143
28 146
28 156
28 157
28 158
28 159
28 162
28 163
29 33
29 68
29 77
29 149
30 37
30 40
30 64
30 81
30 139
31 33
31 71
31 106
31 118
31 132
31 143
31 162
32 39
32 54
32 105
32 132
32 160
33 36
33 77
33 113
33 143
33 146
33 151
34 39
34 59
34 83
34 117
34 150
35 40
35 44
35 47
36 77
36 113
36 116
36 146
36 149
36 151
37 55
37 64
37 84
37 85
37 86
37 87
37 88
37 89
37 90
37 91
37 93
37 94
37 95
37 96
37 97
37 101
37 102
37 103
37 104
37 107
37 108
37 120
37 121
37 122
37 123
37 127
37 129
37 133
37 135
37 136
37 139
37 142
37 145
37 152
37 153
37 154
37 156
37 158
37 163
37 168
37 172
37 173
37 174
38 48
38 49
38 57
38 66
38 82
38 91
38 134
38 170
39 54
39 83
39 117
39 132
40 78
40 112
40 176
41 175
42 63
42 78
42 92
43 44
43 46
43 60
43 149
43 160
43 161
43 165
43 175
44 47
44 52
44 80
44 131
44 160
45 49
45 60
45 76
45 86
45 87
45 90
45 119
45 120
45 121
45 127
45 142
45 148
45 170
46 70
46 111
46 165
47 65
47 69
47 76
47 79
47 100
47 109
47 130
47 131
47 148
48 49
48 66
48 82
48 91
48 134
48 148
48 159
48 170
49 57
49 58
49 60
49 82
49 91
49 107
49 119
49 134
49 170
50 53
50 56
50 68
50 73
50 114
50 124
51 52
51 115
51 131
51 144
52 56
52 115
52 131
53 55
53 56
53 68
53 73
53 114
53 124
53 141
54 117
54 124
54 132
54 160
55 72
55 73
55 76
55 79
55 86
55 87
55 89
55 90
55 97
55 104
55 123
55 127
55 134
55 135
55 136
55 141
55 145
55 154
55 166
56 73
56 176
57 62
57 112
58 60
58 61
58 98
58 111
58 137
59 100
59 110
59 117
59 150
60 98
60 161
61 64
61 71
61 107
61 125
61 133
61 156
61 157
61 162
61 163
62 74
62 81
62 82
62 84
62 85
62 91
62 94
62 95
62 96
62 101
62 102
62 103
62 108
62 112
62 122
62 139
62 152
62 155
62 156
62 162
62 168
62 169
62 171
62 172
63 67
63 137
64 81
64 82
64 84
64 88
64 93
64 94
64 95
64 101
64 103
64 107
64 108
64 120
64 122
64 125
64 126
64 129
64 133
64 139
64 152
64 153
64 156
64 157
64 158
64 162
64 163
64 173
65 69
65 72
65 75
65 76
65 79
65 100
65 109
65 121
65 127
65 130
65 141
65 142
65 148
65 166
66 72
66 76
66 79
66 82
66 84
66 86
66 88
66 89
66 91
66 93
66 94
66 95
66 96
66 97
66 101
66 102
66 103
66 104
66 107
66 108
66 121
66 122
66 123
66 126
66 127
66 128
66 129
66 134
66 135
66 136
66 141
66 152
66 153
66 154
66 155
66 156
66 157
66 158
66 159
66 163
66 166
66 167
66 168
66 169
66 170
66 172
68 73
68 114
68 124
69 72
69 76
69 79
69 90
69 100
69 107
69 109
69 121
69 127
69 133
69 135
69 136
69 141
69 142
69 145
69 148
69 158
69 166
69 173
70 140
71 128
71 160
72 76
72 79
72 84
72 85
72 86
72 87
72 88
72 89
72 90
72 91
72 93
72 94
72 95
72 96
72 97
72 101
72 102
72 103
72 104
72 108
72 121
72 122
72 123
72 126
72 127
72 129
72 134
72 135
72 136
72 141
72 142
72 145
72 152
72 153
72 154
72 155
72 157
72 158
72 166
72 167
72 168
72 170
72 174
73 114
74 91
74 101
74 112
74 128
74 139
74 152
74 162
74 168
74 169
74 172
76 79
76 82
76 84
76 85
76 86
76 87
76 88
76 89
76 90
76 91
76 93
76 94
76 95
76 96
76 97
76 101
76 102
76 103
76 104
76 108
76 119
76 120
76 121
76 122
76 123
76 127
76 134
76 135
76 136
76 141
76 142
76 148
76 153
76 154
76 155
76 157
76 158
76 166
76 167
76 168
76 170
76 171
77 113
77 116
77 146
77 149
78 92
78 147
78 176
79 85
79 86
79 87
79 88
79 89
79 90
79 94
79 95
79 96
79 97
79 102
79 104
79 108
79 119
79 120
79 121
79 122
79 123
79 127
79 134
79 135
79 136
79 141
79 142
79 148
79 153
79 154
79 166
79 170
79 171
80 160
80 175
81 108
81 112
81 122
81 139
81 155
81 156
81 162
81 168
81 169
81 172
82 84
82 85
82 86
82 87
82 88
82 89
82 90
82 91
82 93
82 94
82 95
82 96
82 97
82 101
82 102
82 103
82 104
82 107
82 108
82 119
82 120
82 121
82 122
82 123
82 126
82 129
82 133
82 134
82 135
82 136
82 142
82 148
82 152
82 153
82 154
82 155
82 156
82 157
82 158
82 159
82 162
82 163
82 166
82 168
82 169
82 170
82 171
82 172
83 98
83 117
83 150
83 164
84 85
84 86
84 87
84 88
84 89
84 90
84 91
84 93
84 94
84 95
84 96
84 97
84 101
84 102
84 103
84 104
84 107
84 108
84 120
84 121
84 122
84 123
84 125
84 126
84 127
84 128
84 129
84 133
84 134
84 135
84 136
84 139
84 142
84 152
84 153
84 154
84 155
84 156
84 157
84 158
84 159
84 162
84 163
84 166
84 167
84 168
84 169
84 170
84 171
84 172
84 173
84 174
85 86
85 87
85 88
85 89
85 90
85 91
85 93
85 94
85 95
85 96
85 97
85 101
85 102
85 103
85 104
85 108
85 119
85 120
85 121
85 122
85 123
85 127
85 129
85 134
85 135
85 136
85 140
85 141
85 142
85 152
85 153
85 154
85 155
85 156
85 158
85 163
85 166
85 167
85 168
85 169
85 170
85 171
85 172
85 174
86 87
86 88
86 89
86 90
86 91
86 93
86 94
86 95
86 96
86 97
86 101
86 102
86 103
86 104
86 107
86 108
86 119
86 120
86 121
86 122
86 123
86 127
86 134
86 135
86 136
86 140
86 141
86 142
86 152
86 153
86 154
86 155
86 156
86 157
86 158
86 166
86 167
86 168
86 170
86 171
86 172
86 174
87 88
87 89
87 90
87 91
87 93
87 94
87 95
87 96
87 97
87 101
87 102
87 103
87 104
87 108
87 119
87 120
87 121
87 122
87 123
87 127
87 134
87 135
87 136
87 140
87 141
87 142
87 152
87 153
87 154
87 155
87 158
87 166
87 167
87 168
87 170
87 171
88 89
88 90
88 91
88 93
88 94
88 95
88 96
88 97
88 101
88 102
88 103
88 104
88 107
88 108
88 120
88 121
88 122
88 123
88 125
88 126
88 127
88 129
88 133
88 134
88 135
88 136
88 142
88 152
88 153
88 154
88 155
88 156
88 157
88 158
88 159
88 162
88 163
88 166
88 167
88 168
88 169
88 170
88 171
88 172
88 173
88 174
89 90
89 91
89 93
89 94
89 95
89 96
89 97
89 101
89 102
89 103
89 104
89 107
89 108
89 119
89 120
89 121
89 122
89 123
89 126
89 127
89 129
89 133
89 134
89 135
89 136
89 141
89 142
89 145
89 152
89 153
89 154
89 155
89 156
89 157
89 158
89 163
89 166
89 167
89 168
89 169
89 170
89 171
89 172
89 174
90 91
90 93
90 94
90 95
90 96
90 97
90 101
90 102
90 103
90 104
90 107
90 108
90 119
90 120
90 121
90 122
90 123
90 127
90 133
90 134
90 135
90 136
90 141
90 142
90 148
90 152
90 153
90 154
90 157
90 158
90 166
90 168
90 170
90 171
90 173
90 174
91 93
91 94
91 95
91 96
91 97
91 101
91 102
91 103
91 104
91 107
91 108
91 120
91 121
91 122
91 123
91 126
91 128
91 129
91 133
91 134
91 135
91 136
91 142
91 152
91 153
91 154
91 155
91 156
91 157
91 158
91 159
91 162
91 163
91 166
91 167
91 168
91 169
91 170
91 171
91 172
93 94
93 95
93 96
93 97
93 101
93 102
93 103
93 104
93 107
93 108
93 120
93 121
93 122
93 123
93 125
93 126
93 127
93 128
93 129
93 133
93 135
93 136
93 139
93 142
93 152
93 153
93 154
93 155
93 156
93 157
93 158
93 159
93 162
93 163
93 166
93 167
93 168
93 169
93 170
93 172
93 173
93 174
94 95
94 96
94 97
94 101
94 102
94 103
94 104
94 107
94 108
94 120
94 121
94 122
94 123
94 126
94 127
94 129
94 133
94 134
94 135
94 136
94 139
94 141
94 142
94 152
94 153
94 154
94 155
94 156
94 157
94 158
94 159
94 162
94 163
94 166
94 167
94 168
94 169
94 170
94 171
94 172
94 174
95 96
95 97
95 101
95 102
95 103
95 104
95 107
95 108
95 120
95 121
95 122
95 123
95 126
95 127
95 128
95 129
95 133
95 134
95 135
95 136
95 139
95 142
95 152
95 153
95 154
95 155
95 156
95 157
95 158
95 159
95 162
95 163
95 166
95 167
95 168
95 169
95 170
95 171
95 172
95 174
96 97
96 101
96 102
96 103
96 104
96 107
96 108
96 120
96 121
96 122
96 123
96 126
96 127
96 129
96 133
96 134
96 135
96 136
96 139
96 141
96 142
96 152
96 153
96 154
96 155
96 156
96 157
96 158
96 159
96 163
96 166
96 167
96 168
96 169
96 170
96 171
96 172
96 174
97 101
97 102
97 103
97 104
97 107
97 108
97 120
97 121
97 122
97 123
97 126
97 127
97 129
97 133
97 134
97 135
97 136
97 141
97 142
97 145
97 152
97 153
97 154
97 155
97 156
97 157
97 158
97 163
97 166
97 167
97 168
97 169
97 170
97 171
97 172
97 174
98 117
98 119
98 147
99 116
99 140
99 141
99 171
100 109
100 130
100 131
100 142
100 173
101 102
101 103
101 104
101 107
101 108
101 120
101 121
101 122
101 123
101 126
101 129
101 133
101 134
101 135
101 136
101 139
101 142
101 152
101 153
101 154
101 155
101 156
101 157
101 158
101 159
101 162
101 163
101 166
101 167
101 168
101 169
101 170
101 171
101 172
102 103
102 104
102 107
102 108
102 120
102 121
102 122
102 123
102 126
102 127
102 129
102 133
102 134
102 135
102 136
102 139
102 141
102 142
102 152
102 153
102 154
102 155
102 156
102 157
102 158
102 159
102 162
102 163
102 166
102 167
102 168
102 169
102 170
102 171
102 172
102 174
103 104
103 107
103 108
103 120
103 121
103 122
103 123
103 126
103 127
103 129
103 133
103 134
103 135
103 136
103 139
103 142
103 152
103 153
103 154
103 155
103 156
103 157
103 158
103 159
103 162
103 163
103 166
103 167
103 168
103 169
103 170
103 171
103 172
103 174
104 107
104 108
104 119
104 120
104 121
104 122
104 123
104 126
104 127
104 129
104 133
104 134
104 135
104 136
104 141
104 142
104 152
104 153
104 154
104 155
104 156
104 157
104 158
104 163
104 166
104 167
104 168
104 169
104 170
104 171
104 172
104 174
105 147
106 118
106 137
106 162
107 108
107 119
107 120
107 121
107 122
107 123
107 125
107 128
107 129
107 133
107 135
107 136
107 142
107 152
107 156
107 157
107 158
107 159
107 162
107 163
107 168
107 170
107 173
108 120
108 121
108 122
108 123
108 126
108 127
108 129
108 134
108 135
108 136
108 139
108 142
108 152
108 153
108 154
108 155
108 156
108 157
108 158
108 159
108 162
108 163
108 166
108 167
108 168
108 169
108 170
108 171
108 172
109 131
109 142
109 173
111 161
112 169
112 172
113 146
113 149
113 161
114 124
115 146
115 151
115 164
116 140
116 171
117 164
118 132
118 137
118 159
118 162
118 169
118 172
119 120
119 121
119 123
119 127
119 134
119 136
119 142
119 154
119 170
119 173
120 121
120 122
120 123
120 127
120 133
120 135
120 136
120 142
120 152
120 153
120 154
120 155
120 156
120 157
120 158
120 163
120 166
120 167
120 168
120 170
120 171
120 173
120 174
121 122
121 123
121 126
121 127
121 129
121 133
121 134
121 135
121 136
121 141
121 142
121 148
121 152
121 153
121 154
121 155
121 156
121 157
121 158
121 163
121 166
121 167
121 168
121 170
121 171
121 173
122 123
122 126
122 127
122 129
122 133
122 134
122 135
122 136
122 139
122 142
122 152
122 153
122 154
122 155
122 156
122 157
122 158
122 159
122 162
122 163
122 166
122 167
122 168
122 169
122 170
122 171
122 172
122 174
123 127
123 129
123 133
123 134
123 135
123 136
123 141
123 142
123 152
123 153
123 154
123 155
123 156
123 157
123 158
123 163
123 166
123 167
123 168
123 169
123 170
123 171
123 172
123 174
125 126
125 128
125 129
125 130
125 133
125 138
125 146
125 152
125 156
125 157
125 158
125 159
125 162
125 163
125 173
126 129
126 133
126 138
126 139
126 144
126 152
126 153
126 155
126 156
126 157
126 158
126 159
126 162
126 163
126 166
126 167
126 168
126 169
126 172
126 174
127 134
127 135
127 136
127 140
127 141
127 142
127 148
127 153
127 154
127 155
127 158
127 166
127 167
127 168
127 170
127 171
127 174
128 129
128 133
128 135
128 145
128 152
128 156
128 157
128 158
128 163
129 133
129 135
129 138
129 139
129 152
129 153
129 154
129 155
129 156
129 157
129 158
129 159
129 162
129 163
129 166
129 167
129 168
129 169
129 170
129 172
129 174
130 138
130 146
130 148
130 157
131 148
131 173
132 160
133 135
133 142
133 145
133 152
133 153
133 156
133 157
133 158
133 163
133 166
133 173
133 174
134 135
134 136
134 141
134 142
134 148
134 152
134 153
134 154
134 155
134 166
134 168
134 170
134 171
135 136
135 141
135 142
135 145
135 152
135 153
135 154
135 155
135 156
135 157
135 158
135 163
135 166
135 167
135 168
135 170
135 172
135 173
135 174
136 140
136 141
136 142
136 152
136 153
136 154
136 155
136 158
136 166
136 167
136 168
136 170
136 171
136 174
138 143
138 146
138 157
138 159
138 162
138 163
139 152
139 153
139 155
139 156
139 162
139 163
139 167
139 168
139 169
139 172
140 141
140 154
140 167
140 171
141 142
141 145
141 153
141 154
141 155
141 166
141 167
141 170
141 171
141 174
142 145
142 148
142 152
142 153
142 154
142 156
142 157
142 158
142 163
142 166
142 168
142 170
142 173
142 174
143 146
143 176
144 167
145 153
145 158
145 166
145 174
146 151
148 157
148 166
148 170
150 151
150 164
151 164
152 153
152 154
152 155
152 156
152 157
152 158
152 159
152 162
152 163
152 166
152 167
152 168
152 169
152 170
152 172
153 154
153 155
153 156
153 157
153 158
153 163
153 166
153 167
153 168
153 169
153 170
153 171
153 172
153 174
154 155
154 156
154 158
154 166
154 167
154 168
154 169
154 170
154 171
154 172
154 174
155 156
155 157
155 158
155 159
155 163
155 166
155 167
155 168
155 169
155 170
155 171
155 172
156 157
156 158
156 159
156 162
156 163
156 166
156 167
156 168
156 169
156 170
156 172
157 158
157 159
157 162
157 163
157 166
157 168
157 169
157 170
157 172
157 173
158 159
158 162
158 163
158 166
158 167
158 168
158 169
158 170
158 172
158 173
158 174
159 162
159 163
159 169
159 172
162 163
162 168
162 169
162 172
163 166
163 167
163 168
163 169
163 170
163 172
163 173
164 173
166 167
166 168
166 170
166 171
166 174
167 168
167 169
167 171
167 172
167 174
168 169
168 170
168 171
168 172
168 174
169 172
170 171
171 172
